0.000000 
5.251366 
7.027079 
7.921741 
8.560810 
8.831903 
8.812256 
9.154978 
9.231036 
9.128719 
9.739663 
9.412103 
9.628696 
9.345713 
9.708102 
9.246066 
9.690358 
9.217888 
9.508846 
10.012418 
9.687361 
8.902945 
9.700218 
9.197165 
9.569468 
9.671363 
9.806198 
9.807459 
10.185602 
10.818431 
10.244084 
10.090653 
10.530632 
10.054897 
9.439707 
10.106262 
9.959235 
10.106732 
10.072146 
9.614084 
10.059187 
10.303559 
8.794953 
10.311801 
9.686671 
10.548426 
10.240100 
10.020628 
9.731742 
10.210590 
10.093496 
10.237118 
9.911470 
9.510820 
9.895547 
10.507532 
10.006878 
10.219162 
11.918329 
9.434071 
9.777957 
10.385926 
10.961867 
10.182741 
10.650648 
10.430738 
10.730608 
10.559100 
9.950290 
9.578226 
10.076134 
10.762093 
10.429026 
10.091840 
11.383079 
9.604359 
10.706786 
9.173103 
11.192471 
8.935703 
10.386325 
10.640117 
11.740757 
9.760470 
9.830496 
11.420056 
10.466753 
11.746834 
10.336769 
10.237703 
10.704839 
9.776306 
9.687933 
10.044392 
9.823591 
10.116057 
10.808417 
9.783128 
10.998017 
10.210581 
